56906.19677  25.532846  0.56545824
56910.45776  24.86697  0.55101877
56914.26957  25.445902  0.56225359
56918.18678  25.759666  0.57176095
56922.85031  23.424906  0.52111834
56926.18185  24.898819  0.5502398
56930.64534  25.075859  0.55554998
56934.97241  25.204586  0.79135048
56938.4423  22.79637  0.50616449
56946.56846  21.897675  0.4891423
56950.49806  23.304907  0.52147943
56954.36072  22.715063  0.50554138
56958.96713  24.24427  0.53926909
56962.89428  25.047194  0.55258238
56966.95513  25.399258  0.56233609
56974.01065  26.555004  0.58675802
56978.53881  26.731457  0.58919168
56982.80061  25.830025  0.57306546
56986.59862  27.50009  0.60488647
56990.0108  26.006842  0.57618499
56994.72454  26.2306  0.58229274
57002.58043  25.530951  0.56258523
57006.37543  23.718548  0.52408749
57010.17105  24.160519  0.53602612
57014.43254  24.601412  0.54346657
57018.09464  24.705009  0.54748756
57022.08978  25.006083  0.55394477
57026.6163  24.174047  0.53350055
57030.61012  23.117373  0.51440799
57034.60848  23.059114  0.5119487
57038.2677  21.183796  0.4730688
57046.65726  21.181786  0.48267254
57050.44999  20.967552  0.46789104
57054.25026  22.885538  0.50896364
57058.0374  22.671452  0.50657707
57062.83047  24.240847  0.53986216
57066.43625  25.990379  0.57122689
57070.02211  27.09725  0.59617823
57074.07977  28.321926  0.62554151
57078.14783  27.867826  0.62114257
57086.19749  30.036257  0.66092426
57090.51902  28.927589  0.63719624
57094.1829  28.693081  0.63194627