56904.061204  1.442011  0.040591
56906.196641  1.460832  0.040458
56908.258311  1.369892  0.039008
56910.457726  1.586965  0.041686
56912.590245  1.443999  0.042321
56914.269497  1.312720  0.038372
56918.186606  1.855074  0.074255
56919.526757  1.602648  0.042325
56920.252264  1.409940  0.042841
56922.850189  1.411483  0.169774
56926.181756  1.603137  0.041197
56928.114171  1.907055  0.046307
56932.710765  1.961895  0.048352
56934.972232  1.520409  0.155199
56936.774427  1.643560  0.044744
56938.442159  1.289917  0.037270
56940.573297  1.051857  0.033332
56941.779059  1.072512  0.050980
56944.982124  0.890898  0.034769
56946.568540  1.216287  0.037947
56946.630685  1.268591  0.109248
56948.248846  1.678621  0.043481
56949.448716  1.740905  0.053092
56949.652442  1.629436  0.158775
56950.498132  1.721943  0.046513
56950.560540  1.541488  0.107346
56952.296224  1.675407  0.044214
56954.360683  1.584852  0.195576
56958.967064  1.412912  0.041076
56960.901125  1.705730  0.046098
56962.894106  1.619062  0.043515
56964.819880  1.698651  0.042891
56966.954952  1.556331  0.101389
56968.482882  1.517126  0.041595
56972.828151  2.092113  0.119108
56972.897992  2.329529  0.095190
56974.010559  2.061375  0.049648
56976.540854  1.731343  0.043445
56978.538626  1.778901  0.046042
56980.536595  2.067472  0.257024
56982.800452  1.751946  0.054673
56984.665099  1.681891  0.045715
56986.598459  1.903325  0.045235
56988.869238  2.012719  0.302447
56990.011699  1.802001  0.056827
56992.725264  1.804845  0.049704
56994.724419  1.933412  0.047862
56996.649564  1.941492  0.082490
57000.590729  2.013924  0.158541
57002.580356  1.878683  0.058298
57004.177611  1.264261  0.179604
57006.375320  1.431220  0.045731
57008.039631  1.594803  0.045135
57010.170935  1.862075  0.046215
57012.834440  1.688722  0.066018
57014.432360  1.842884  0.048549
57016.506612  1.637256  0.051984
57017.237079  1.779339  0.061894
57017.374198  1.726677  0.046188
57018.094605  1.597142  0.047639
57022.089687  2.052544  0.048751
57026.616151  1.707035  0.043355
57028.613446  1.409430  0.038525
57030.609945  1.371599  0.040385
57032.607603  1.370153  0.038992
57034.608392  1.372777  0.038776
57036.600151  1.110043  0.053726
57036.666411  1.106298  0.049952
57038.267574  1.081053  0.035384
57040.809102  1.280916  0.039521
57044.802230  1.235522  0.038883
57046.657114  1.507518  0.048813
57048.460611  1.218824  0.047906
57050.449881  1.028432  0.034680
57054.250083  1.594562  0.043467
57056.972294  1.188755  0.037758
57058.037248  1.432193  0.042128
57060.784379  1.511052  0.051023
57060.848509  1.457368  0.069121
57062.830390  1.339442  0.040363
57064.040458  1.519967  0.041841
57066.436131  1.779495  0.042587
57068.167825  1.892212  0.045230
57070.021950  1.734107  0.043696
57072.814024  1.838649  0.049024
57074.079681  1.844911  0.046699
57076.609966  1.572801  0.040333
57078.147695  1.625241  0.047360
57084.195242  1.682710  0.068430
57086.197436  1.829831  0.047673
57088.255405  1.522495  0.047781
57090.518857  1.716282  0.044706
57092.449881  1.761676  0.044986
57094.182982  1.754065  0.195078
57095.374174  1.568056  0.074671
57096.378524  1.540614  0.062280